[±ê¶¨]
fc1=1549.41746                                                
fc2=1552.51547      
cc1=270.53777      
cc2=249.83507    
R11=0.000575  	 	 	 	 	 	 	 	 	 	 	 	 	 	 	 	 	 	 	 	 	 	 	 	 	 	 	 	 	 	 	 	 	 	 	 	 	 	 	 	 	 	 	 	 	 	 	 	 	 	 	 	 	 	 	 	 	 	 	 	
R12=0.999714                                      
R13=-0.023925
R21=0.998568  		  		  		  		  		  		  		  		  		  		  		  		  		  		  		  		  		  		  		  		  		  		  		  		  		  		  		  		  		  		  	  	 
R22=0.000705                               
R23=0.053486
T1=-87.432471 		  		  		                             		 
T2=-81.705222    
T3=790.045499    
s=1.25
