[±ê¶¨]
fc1=1370.36421                                                
fc2=1372.21015       
cc1=287.93110      
cc2=201.70768    
R11=-0.997382  	 	 	 	 	 	 	 	 	 	 	 	 	 	 	 	 	 	 	 	 	 	 	 	 	 	 	 	 	 	 	 	 	 	 	 	 	 	 	 	 	 	 	 	 	 	 	 	 	 	 	 	 	 	 	 	 	 	 	 	
R12=-0.006190                                                       
R13=-0.072051
R21=-0.006421   		  		  		  		  		  		  		  		  		  		  		  		  		  		  		  		  		  		  		  		  		  		  		  		  		  		  		  		  		  		  	  	 
R22=0.999975                                 
R23=0.002976
T1=232.142402           		  		  		                             		 
T2=-100.999884              
T3=1336.960702          
s=1.04
