[±ê¶¨]
fc1=1581.97391                                                
fc2=1590.1342       
cc1=281.67375      
cc2=287.67020    
R11=-0.998370  	 	 	 	 	 	 	 	 	 	 	 	 	 	 	 	 	 	 	 	 	 	 	 	 	 	 	 	 	 	 	 	 	 	 	 	 	 	 	 	 	 	 	 	 	 	 	 	 	 	 	 	 	 	 	 	 	 	 	 	
R12=-0.009141                                             
R13=-0.056342
R21=-0.010639   		  		  		  		  		  		  		  		  		  		  		  		  		  		  		  		  		  		  		  		  		  		  		  		  		  		  		  		  		  		  	  	 
R22=0.999596                                 
R23=0.026343
T1=192.099196 		  		  		                             		 
T2=-188.604693    
T3=1549.874795          
s=0.9
