[±ê¶¨]
fc1=1650.77736
fc2=1653.85173 
cc1=312.67245 
cc2=286.35175
R11=-0.013427
R12=0.997531 
R13=0.068936
R21=0.999467 
R22=0.011339
R23=0.030598
T1=-159.851676
T2=-207.793788
T3=1567.450185
s=0.94
