[±ê¶¨]
fc1=2337.63309                                                
fc2=2335.66334       
cc1=670.34276      
cc2=416.32415    
R11=0.002313                                                        
R13=0.024704
R21=-0.997177                                 
R23=-0.074972
T1=121.635081             		  		  		                             		 
T2=220.411885                
T3=1170.992783          
s=1.219
R12=-0.999692  
R22=-0.004160  
