[±ê¶¨]
fc1=5434.06666
fc2=5425.22696 
cc1=969.78645 
cc2=312.30509
R11=0.007882  
R12=0.998735 
R13=-0.049670
R21=0.999967     
R22=-0.007783
R23=0.002176
T1=-141.665348
T2=-16.833507
T3=1218.810040 
s=1.129
