[±ê¶¨]
fc1=2345.96654                                                
fc2=2344.70180       
cc1=678.91682      
cc2=411.45639    
R11=-0.004856                                                        
R13=0.022606
R21=-0.996761                                 
R23=-0.080369
T1=110.960566             		  		  		                             		 
T2=217.301116                
T3=1174.596883          
s=1.205
R12=-0.999733  
R22=0.003025
