[±ê¶¨]
fc1=5513.04291
fc2=5511.24969 
cc1=1019.03342 
cc2=393.29084
R11=0.003058
R12=0.999736 
R13=-0.022770
R21=0.999897 
R22=-0.002737
R23=0.014108
T1=-145.568278
T2=-36.599321
T3=1234.753526 
s=1.129
